sal:[8949
13804
6724
6681
11818
8610
13786
13852
11014
7652
13259
7227
7282
9878
10907
13647
5872
11640
5580
10817
12998
11299
5860
7082
7877
10250
10584
8683
11526
6951
6816
8309
8916
5620
6007
6835
9049
10544
6530
5401
13242
6516
8777
8045
9134
12103
12308
5111
9677
13742
12107
9202
9304
6433
11615
6931
6348
11465
6780
8153
12012
6562
5878
8613
8068
13371
10107
10820
13456
12390
10335
8606
12773
9321
11544
13260
11377
5291
9018
5386
10404
11582
5161
13194
8367
13250
9064
7796
13682
13055
5124
5532
13748
7661
12135
5758
6869
9680
7696
10324
]