score:[22.84
5.73
10.25
7.05
15.6
5.36
24.04
10.29
16.99
21.43
1.11
6.77
11.29
23.76
24.16
4.88
17.53
18.74
8.37
16.32
19.37
9.77
16.66
7.45
3.78
11.52
21.17
24.7
16.54
4.76
20.74
21.85
16.52
20.35
20.1
11.97
18.94
20.28
1.36
17.78
22.33
19.99
15.59
21.39
1.71
8.08
21.95
6.46
7.39
11.06
1.06
12.03
13.76
13.3
10.85
10.12
23.63
12.67
15.92
7.69
12.05
14.51
24.21
16.96
14.94
9.05
16.16
20.87
19.29
4.05
8.92
19.91
19.36
5
19.3
17.29
22.7
15.1
13.28
16.2
2.98
10.39
5.1
2.76
1.48
8.01
19.05
20.39
15.16
1.87
18.11
3.77
7.42
7.64
15.59
13.86
19.16
23.96
8.75
19.88
]